bbbbbbbbbbbbbbbbbb
bwww2wwwwwwwwwwbbb
bw2222w2222222wbbb
bw222222222222wbbb
bw2222w2222222wbbb
bw2222w2222222wbbb
bwwwwww2222222wbbb
bbbbbbw2222222wbbb
333bbbwwwwww2wwbbb
bb33bbbbbbbbbbbbbb
bb222bbbbbbbbbbbbb
bbb33bbbbbbbbbbbbb

000000000000000000
000050000000000000
000000000000000000
000000000000000000
000000000000000000
000000000000000000
000000000000000000
000000000000000000
000000000000000000
0000000000000p0000
000000000000000000
000000000000000000

000000000000000000
000000000000000000
001001002000200000
000000000000000000
000100000020000000
001100002000000000
000000000000200000
000011011000000000
000001000000000000
000000000000000000
000000000000000000
000000000000000000

000000000000000000
000000000000000000
000000000000010000
000000000000000000
000000000000000000
000000000000000000
000000000000000000
000000000000000000
000000000000000000
000000000000000000
000000000000000000
000000000000000000

0
0001
forest
1
18
12
Tavern
1
0003